edA~edB = [(0.101, 0.891), (0.11940298507462686, 0.8382838283828383), (0.082, 0.712)]
edA~Computo = [(0.101, 0.891), (0.2014, 0.821)]
Computo ~cheto = [(0.2014, 0.821), (0.131, 0.776)]
cheto~cafeFMAT = [(0.131, 0.776), (0.14925373134328357, 0.7277227722772277), (0.12321, 0.681818)]
edA~Cheto = [(0.101, 0.891), (0.131, 0.776)]
Cheto~Bilioteca = [(0.131, 0.776), (0.20398009950248755, 0.7425742574257426), (0.2396351575456053, 0.6947194719471947), (0.269, 0.615)]
Computo~Biblioteca = [(0.2014, 0.821), (0.1824212271973466, 0.7541254125412541), (0.269, 0.615)]
edB~edC = [(0.082, 0.712), (0.08955223880597014, 0.636963696369637), (0.082, 0.571)]
edC~MaqDisp = [(0.082, 0.571), (0.13125, 0.5735)]
maqDisp ~ cafeFmat = [(0.13125, 0.5735), (0.12321, 0.681818)]
cafeFmat ~ cheto = [(0.12321, 0.681818), (0.15339966832504145, 0.7178217821782178), (0.131, 0.776)]
cafeFmat ~ Biblioteca = [(0.12321, 0.681818), (0.21061359867330018, 0.5627062706270627), (0.23466003316749584, 0.7244224422442245), (0.269, 0.615)]
maqDisp ~ edD = [(0.13125, 0.5735), (0.1687, 0.5173)]
maqDisp~edH = [(0.13125, 0.5735), (0.11857379767827529, 0.4834983498349835), (0.1409, 0.433)]
edH~Estacionamiento = [(0.1409, 0.433), (0.063, 0.4719)]
maqDisp ~ Estacionamieto = [(0.063, 0.4719), (0.1111111111111111, 0.5), (0.13125, 0.5735)]
edD~RenovablesFI = [(0.1687, 0.5173), (0.17661691542288557, 0.5643564356435643), (0.23383084577114427, 0.5247524752475248), (0.2562, 0.4768)]
edH~RenovablesFI = [(0.2562, 0.4768), (0.19071310116086235, 0.4389438943894389), (0.1409, 0.433)]
edB~Cheto = [(0.082, 0.712), (0.10613598673300166, 0.7343234323432343), (0.131, 0.776)]
RenovablesFI ~ Biblioteca = [(0.2562, 0.4768), (0.20812603648424544, 0.5759075907590759), (0.23383084577114427, 0.7161716171617162), (0.269, 0.615)]
edD ~ Biblioteca = [(0.1687, 0.5173), (0.20398009950248755, 0.5726072607260726), (0.236318407960199, 0.7095709570957096), (0.269, 0.615)]
Renovables~LabMecatronica = [(0.2562, 0.4768), (0.2802653399668325, 0.4141914191419142), (0.344, 0.374)]
Renovables~LabCivil = [(0.344, 0.374), (0.4626865671641791, 0.334983498349835), (0.47512437810945274, 0.4372937293729373), (0.4709784411276949, 0.504950495049505), (0.503, 0.551)]
Biblio ~LabCivil = [(0.269, 0.615), (0.28441127694859036, 0.6815181518151815), (0.38308457711442784, 0.6765676567656765), (0.48507462686567165, 0.6089108910891089), (0.503, 0.551)]
LabCivil ~ DirFI = [(0.503, 0.551), (0.4842454394693201, 0.46534653465346537), (0.6368159203980099, 0.40594059405940597), (0.6334991708126037, 0.3481848184818482), (0.7562, 0.292)]
LabCivil ~Auditorio = [(0.503, 0.551), (0.5074626865671642, 0.6056105610561056), (0.5829187396351575, 0.6039603960396039), (0.6467661691542289, 0.636963696369637),(0.8266998341625207,0.5478547854785478), (0.815, 0.389)]
Auditorio ~DireccionFI = [(0.815, 0.389), (0.802653399668325, 0.3102310231023102), (0.7562, 0.292)]
CafeFi ~DireccionFI = [(0.816, 0.143), (0.8250414593698175, 0.25412541254125415), (0.7562, 0.292)]
CafeFI ~Auditorio = [(0.816, 0.143), (0.8018242122719734, 0.30363036303630364), (0.815, 0.389)]